 0 0.218986535289 0.218510614465 0.253960579816 0.249015597554 0.240862764471 0.251484129118 0.245190844553 0.256615741325 0.246279906966 0.258357761302 0.255619451975 0.247420186093 0.243528689359 0.243577958573 0.247142068024 0.220952643592 0.217336594630 0.244653627403 0.241734565948 0.238373047257 0.394325585038 0.432718180305 0.213489379753 0.218337009432 0.222735617324 0.215071815343 0.202157446889 0.196614925910 0.246192147770 0.250208087254 0.208869331416 0.225086375655 0.214877025705 0.224340543677 0.205817239425 0.213301455035 0.155967331649 0.125872539252 0.207510833582 0.212217030740 0.194025469479 0.383649519742 0.181685775542 0.134659857457 0.214232939027 0.205320949239 0.161238076819 0.221481710098 0.242101465493 0.254705212636 0.306688830040 0.315368674336 0.310056936610 0.307254857293 0.299536430249 0.298041794572 0.319427410586 0.307412504043
 0.218986535289 0 0.248620296084 0.294957353681 0.287925176957 0.277082379385 0.294266524428 0.289727918530 0.296047593326 0.288374781894 0.288754747487 0.290773089603 0.279898532593 0.285770233679 0.276916273157 0.282738786428 0.253443958065 0.243473458404 0.282974068496 0.283971976071 0.272112549015 0.433996663529 0.477163871660 0.214716801717 0.240454346992 0.238806952502 0.229851596919 0.209107833629 0.219029642979 0.276761075218 0.274082792827 0.186372812576 0.206920631577 0.204942906970 0.209208994722 0.202296963620 0.207911722615 0.169914761076 0.145142389692 0.210797294440 0.216526702045 0.198201073109 0.425770159713 0.206622838074 0.157359613370 0.201923345918 0.201375942760 0.170143733101 0.223789910243 0.252318586924 0.261744650600 0.353603541335 0.365546807540 0.351326193494 0.356025093514 0.338861114501 0.343055802252 0.366260944846 0.351110037402
 0.218510614465 0.248620296084 0 0.183313332246 0.188702848095 0.156648770268 0.185141549332 0.108209383151 0.190637777530 0.190010491549 0.198068778115 0.183040459914 0.181970782460 0.183102967751 0.171562462519 0.190673892268 0.168332851893 0.160014620978 0.188786214036 0.181525199267 0.183392146328 0.362610337904 0.399270999740 0.226245539471 0.228409849016 0.235290345077 0.218192645856 0.223050616601 0.250028171620 0.233278880399 0.232125752838 0.235302943731 0.261852219852 0.251769743054 0.260830444496 0.251835747577 0.253545748405 0.146860552300 0.115360497497 0.215545289005 0.242988760558 0.200219192359 0.356939584311 0.167797882851 0.128161189818 0.246176534912 0.222226145697 0.165568664644 0.261185530336 0.263650877820 0.281532976957 0.237818146998 0.242870443424 0.240231808459 0.236892434259 0.237108104694 0.231672254102 0.246012771759 0.239311423468
 0.253960579816 0.294957353681 0.183313332246 0 0.200224636832 0.182758662539 0.209075645321 0.189490417490 0.210281543769 0.204282991174 0.218763269456 0.205280091877 0.202417454594 0.206906371651 0.193009710981 0.207332222924 0.195276961772 0.181364847234 0.208777113954 0.202396118589 0.210012490006 0.404399527118 0.438318526911 0.264321252479 0.266585480811 0.276139426009 0.260205449372 0.261260495416 0.291457552238 0.259623980986 0.260427198769 0.285923250724 0.313767541049 0.297562098364 0.308617139630 0.301417517480 0.293240939174 0.183961319494 0.149908435042 0.255308353242 0.285262730561 0.244698202775 0.399234076217 0.194984070922 0.164528704822 0.286960929177 0.268232703834 0.209854691533 0.306123795468 0.309575936532 0.327902572141 0.263723805992 0.272013498762 0.266305704904 0.271091270910 0.269366713564 0.252416129668 0.276905462968 0.271448683272
 0.249015597554 0.287925176957 0.188702848095 0.200224636832 0 0.189447147710 0.202421871644 0.196721658009 0.209334680998 0.223769481317 0.211865921353 0.215445447739 0.207344039923 0.210783919960 0.197115709329 0.212688871947 0.192045860679 0.189652504230 0.204145289870 0.204645875181 0.207150034729 0.401870387114 0.429029492007 0.265870723621 0.264846419917 0.273791798445 0.262253571783 0.251875980970 0.290355955295 0.266164509560 0.275292351853 0.276307482639 0.299819633890 0.287156337090 0.297412080590 0.284859097031 0.291131034468 0.178737589472 0.146922247360 0.255335815591 0.275956004282 0.231618810353 0.395657081563 0.196540024786 0.157595604357 0.283049102474 0.258089948802 0.199620445006 0.294702901592 0.298622220900 0.320632961095 0.260660291506 0.264365869993 0.262158204988 0.264379923332 0.260382268754 0.252067575443 0.267094587538 0.258943894264
 0.240862764471 0.277082379385 0.156648770268 0.182758662539 0.189447147710 0 0.180550226423 0.149416649128 0.184021693377 0.195710606697 0.196223677120 0.194513402460 0.185874764816 0.184188431371 0.176210572213 0.195594850202 0.177816004523 0.170243237472 0.193813594631 0.174034868764 0.183255048829 0.381192141250 0.421795162526 0.257938722688 0.259097168832 0.256627264552 0.249883940563 0.247496390057 0.281070693191 0.254331880638 0.258740302029 0.267614714709 0.296624084195 0.286180514314 0.297697163507 0.286801313162 0.284750860990 0.168228590475 0.134596625629 0.242416860377 0.276573758512 0.227416201191 0.376292243049 0.186233009020 0.147037060293 0.277802805228 0.251686003846 0.191376628624 0.292615218413 0.289859051717 0.315573206102 0.239182611473 0.248899743266 0.242780325368 0.237660895825 0.246055437120 0.237019324557 0.256702436414 0.240919512925
 0.251484129118 0.294266524428 0.185141549332 0.209075645321 0.202421871644 0.180550226423 0 0.194952340817 0.194679128278 0.215809879001 0.208866674975 0.202171077987 0.204136530121 0.203287336712 0.186195760772 0.215015804106 0.198708433506 0.190950042447 0.200779526612 0.197313491692 0.203913238479 0.401097288070 0.434419430328 0.268623374443 0.262709096569 0.270154509913 0.258654070802 0.258922685464 0.288309332266 0.259821469858 0.269978160646 0.284827362275 0.303667257971 0.293946035401 0.303205837608 0.290816285404 0.293781124426 0.179561155419 0.148490789152 0.253661871255 0.287675877043 0.242911045059 0.394669430720 0.199120946696 0.161325745080 0.288424034177 0.267043117809 0.201277323032 0.300309625955 0.303267764582 0.319492520249 0.261717013682 0.266186285676 0.258087451994 0.256676482750 0.255742524826 0.247273278823 0.266095553200 0.258757777373
 0.245190844553 0.289727918530 0.108209383151 0.189490417490 0.196721658009 0.149416649128 0.194952340817 0 0.195412268997 0.201436363587 0.201599106797 0.193397799155 0.186075338639 0.191592148487 0.182408338095 0.203258808049 0.188651564190 0.178626672398 0.198769403116 0.187814156492 0.189382188705 0.394336727836 0.433492233981 0.257435359431 0.260337442545 0.270297836014 0.253991011800 0.252978695811 0.286336049753 0.254767019864 0.256145326571 0.275874099785 0.303826558793 0.293407528226 0.303664469765 0.295659921176 0.293682706213 0.176803811109 0.143790489728 0.253681239843 0.282040728341 0.235087529620 0.389488330271 0.191405715681 0.154017533624 0.285839378046 0.262440565150 0.198810202585 0.301719180781 0.300473188449 0.320047614402 0.255059386206 0.262038151142 0.255870383212 0.255704175919 0.260129632053 0.254955482487 0.263423850444 0.263368126485
 0.256615741325 0.296047593326 0.190637777530 0.210281543769 0.209334680998 0.184021693377 0.194679128278 0.195412268997 0 0.212292868441 0.219949442441 0.211461349348 0.202680186051 0.209611852697 0.197548769736 0.215381053839 0.205516756835 0.188131387648 0.209178606436 0.192435480445 0.210382701385 0.402995707154 0.437900383603 0.272742438627 0.271978574951 0.274176980855 0.265218634395 0.265773119589 0.297093120804 0.269376382212 0.275254035490 0.287083296354 0.307711771227 0.301808385715 0.310397079668 0.302443457053 0.302952366401 0.186913149458 0.155824157100 0.263245013236 0.293747761998 0.244892407980 0.395577517764 0.199503091364 0.164041242696 0.296431122760 0.274879010727 0.206494138879 0.311287805296 0.313099024120 0.324229731752 0.270546825268 0.273544847815 0.271186614937 0.270419647809 0.264185929651 0.259295029450 0.275845531491 0.272044369354
 0.246279906966 0.288374781894 0.190010491549 0.204282991174 0.223769481317 0.195710606697 0.215809879001 0.201436363587 0.212292868441 0 0.215796387383 0.209065407175 0.209804223772 0.205078928844 0.198662015932 0.217377452090 0.197265186272 0.195574968592 0.224102683657 0.205745129190 0.211282060341 0.394368195494 0.434109340466 0.255384602684 0.265392494052 0.266969677728 0.257586249096 0.258757204142 0.286496382448 0.256096963211 0.256326212484 0.277590169451 0.307085319912 0.293455968740 0.302702569341 0.288762297442 0.294472906882 0.179868584240 0.149625815385 0.247950854809 0.277802616656 0.239607064116 0.392428217420 0.192391525718 0.160763569574 0.277077546211 0.260820201039 0.203752402055 0.305134715867 0.301879175733 0.319990067997 0.272328058259 0.282085448633 0.270122691850 0.277299428038 0.270212821557 0.257389096746 0.277715968773 0.273983375855
 0.258357761302 0.288754747487 0.198068778115 0.218763269456 0.211865921353 0.196223677120 0.208866674975 0.201599106797 0.219949442441 0.215796387383 0 0.210738415880 0.209374045662 0.209753731518 0.202237822611 0.221213858338 0.198203729762 0.198276431982 0.213876491035 0.213149523169 0.211016383019 0.403825985303 0.438656360254 0.269275722238 0.272487415173 0.277221905560 0.261045337795 0.260974283679 0.294686542704 0.273393456470 0.272428364965 0.283335767612 0.311005518393 0.295009867351 0.307226614595 0.293719283873 0.295457289344 0.186206220951 0.152075089349 0.254021357101 0.285553782664 0.247951512461 0.394203878370 0.203572943940 0.165079743202 0.291030594104 0.269915834937 0.209233642111 0.308586517559 0.308069919330 0.320670959402 0.267537743424 0.270524611632 0.266018323664 0.268504155131 0.269995192549 0.256924932646 0.273275758459 0.275592935437
 0.255619451975 0.290773089603 0.183040459914 0.205280091877 0.215445447739 0.194513402460 0.202171077987 0.193397799155 0.211461349348 0.209065407175 0.210738415880 0 0.205884466219 0.192688171015 0.189833594029 0.207961689644 0.195163067297 0.181615995276 0.204540541234 0.204620213890 0.204573268319 0.398057653758 0.432895088431 0.257984103022 0.264932959840 0.273283806621 0.257603868974 0.259571875932 0.292728982227 0.263382578242 0.266345428883 0.281995986942 0.308103587169 0.299277722695 0.309497655844 0.295459270189 0.298568205529 0.183425377302 0.150182133032 0.258042225217 0.286373666621 0.242113326569 0.392039452097 0.196359686874 0.160173969885 0.285914431868 0.261325739696 0.204791095100 0.308592408109 0.306461925456 0.323534607918 0.271714391146 0.272636702296 0.263482284388 0.271587611298 0.264074729695 0.258805435346 0.276502688837 0.271877034439
 0.247420186093 0.279898532593 0.181970782460 0.202417454594 0.207344039923 0.185874764816 0.204136530121 0.186075338639 0.202680186051 0.209804223772 0.209374045662 0.205884466219 0 0.197162168217 0.187653769657 0.210087900464 0.199931875902 0.176053709120 0.194438096003 0.200665402238 0.195263113758 0.392243809928 0.425470474394 0.258392135226 0.264573615484 0.259468816516 0.254711437978 0.254088014800 0.285240728503 0.255679608616 0.263687947194 0.278804499845 0.296591649264 0.290429176449 0.292318553428 0.285743439270 0.282762025800 0.173540344154 0.143043295379 0.250507252779 0.279294074409 0.231587661303 0.382275454994 0.193403151389 0.152914492211 0.281578074204 0.264201508563 0.195717568285 0.292657533330 0.293777288575 0.308990091586 0.257471863313 0.261932897106 0.253269892544 0.257156540319 0.251312321229 0.249121685370 0.266805533023 0.257780337127
 0.243528689359 0.285770233679 0.183102967751 0.206906371651 0.210783919960 0.184188431371 0.203287336712 0.191592148487 0.209611852697 0.205078928844 0.209753731518 0.192688171015 0.197162168217 0 0.181191513968 0.217148237073 0.187975513620 0.183609653316 0.205172153804 0.197671413806 0.198555260676 0.398030593253 0.434352308951 0.251497309334 0.247524232619 0.257602769128 0.248773970348 0.246423721813 0.279948342612 0.254107185019 0.255382038434 0.272014417248 0.296653809700 0.287872493823 0.295315013726 0.283174971503 0.286969270335 0.172177307037 0.144255149811 0.246211096345 0.274279063821 0.234880960908 0.393420512828 0.193959890096 0.150709706585 0.278772467520 0.258848874067 0.194960701281 0.293482438163 0.290091544742 0.310820967078 0.268605792329 0.271448184932 0.265969463951 0.261886468253 0.266921404145 0.251257233336 0.271323503997 0.263783364299
 0.243577958573 0.276916273157 0.171562462519 0.193009710981 0.197115709329 0.176210572213 0.186195760772 0.182408338095 0.197548769736 0.198662015932 0.202237822611 0.189833594029 0.187653769657 0.181191513968 0 0.191827185637 0.176903796906 0.181319669843 0.197352137549 0.185159478103 0.189008746653 0.390980787896 0.422752725774 0.249693542660 0.255088912425 0.257060672557 0.242077468805 0.244395765631 0.281395211771 0.243476879976 0.250944328163 0.269758502246 0.293720157239 0.283840325220 0.292810629777 0.288401804274 0.285071800307 0.165645426182 0.137774964265 0.245568345269 0.272740302871 0.230388333283 0.381505545546 0.193634538933 0.148845840049 0.275777943603 0.257294665471 0.194752383448 0.292400447858 0.289890316105 0.308312390997 0.255383442922 0.265162894108 0.255101620827 0.259338574969 0.258220889955 0.250553451956 0.267661016993 0.261142291853
 0.247142068024 0.282738786428 0.190673892268 0.207332222924 0.212688871947 0.195594850202 0.215015804106 0.203258808049 0.215381053839 0.217377452090 0.221213858338 0.207961689644 0.210087900464 0.217148237073 0.191827185637 0 0.195298451435 0.183507605962 0.209093916659 0.209507431219 0.207837004510 0.397696935558 0.432016504363 0.254891496558 0.256669895785 0.258859754284 0.250632111973 0.251670117297 0.287031966506 0.259377486572 0.262353190901 0.274449581784 0.295216527272 0.285917866809 0.296298565228 0.291213029227 0.291614351879 0.177919063368 0.149853211992 0.252297771098 0.279297408050 0.239300843897 0.394458195736 0.198712624093 0.157668565170 0.282821919029 0.256420266859 0.206891687259 0.295268291483 0.296425438948 0.314807114204 0.270919685829 0.276207372441 0.268809338456 0.274794235966 0.272244884419 0.260308356775 0.288136945322 0.273530499692
 0.220952643592 0.253443958065 0.168332851893 0.195276961772 0.192045860679 0.177816004523 0.198708433506 0.188651564190 0.205516756835 0.197265186272 0.198203729762 0.195163067297 0.199931875902 0.187975513620 0.176903796906 0.195298451435 0 0.169723951581 0.199521135627 0.191348136434 0.187306315704 0.366794442094 0.403238547050 0.232790644619 0.228698907379 0.239135663986 0.228643399219 0.221944078389 0.255788236426 0.235402943914 0.238859343081 0.242894278787 0.266858823930 0.258552196182 0.263659041603 0.256702199157 0.255914288381 0.151254185883 0.121224398693 0.221695844135 0.248877001220 0.203665517659 0.363005801741 0.171892806270 0.132349732652 0.244139427781 0.227673122107 0.174977206863 0.261698636883 0.266633736240 0.289529450302 0.251479252826 0.258012091341 0.248453678732 0.247567418379 0.248607312731 0.241046129267 0.258278914929 0.248490778983
 0.217336594630 0.243473458404 0.160014620978 0.181364847234 0.189652504230 0.170243237472 0.190950042447 0.178626672398 0.188131387648 0.195574968592 0.198276431982 0.181615995276 0.176053709120 0.183609653316 0.181319669843 0.183507605962 0.169723951581 0 0.181948857050 0.182932263982 0.183456291347 0.361745777753 0.399168901505 0.229386462681 0.233164309066 0.236412553565 0.223574515249 0.219108071087 0.250332831371 0.232960784405 0.237072069616 0.238956536597 0.260140569531 0.246896018782 0.259825420533 0.245027139479 0.252649212372 0.146879007581 0.116001021424 0.217224212060 0.245465579782 0.198934604885 0.352637022067 0.168176284419 0.125109918975 0.242867533378 0.226382368744 0.168177607081 0.254386360263 0.261317641523 0.278234747761 0.235793334358 0.247741968503 0.239657466730 0.240423412589 0.238925176895 0.230287629622 0.253065758570 0.234258613201
 0.244653627403 0.282974068496 0.188786214036 0.208777113954 0.204145289870 0.193813594631 0.200779526612 0.198769403116 0.209178606436 0.224102683657 0.213876491035 0.204540541234 0.194438096003 0.205172153804 0.197352137549 0.209093916659 0.199521135627 0.181948857050 0 0.206357954684 0.197749193767 0.392331238691 0.428109828563 0.261743404689 0.262479238948 0.270754621231 0.255277353093 0.250751842082 0.284873781349 0.259876996180 0.266072848502 0.273554329633 0.292530954586 0.285996991379 0.295351859282 0.282904122672 0.289049267272 0.177520811346 0.143297691323 0.250788760202 0.282890230325 0.231739684755 0.385554869686 0.193167455674 0.158425839155 0.283763439860 0.259486604998 0.201248044592 0.293459420446 0.294859924272 0.311152972765 0.257658928776 0.257497204390 0.259854614206 0.252173843313 0.256578570770 0.252318905375 0.260360787566 0.251272258765
 0.241734565948 0.283971976071 0.181525199267 0.202396118589 0.204645875181 0.174034868764 0.197313491692 0.187814156492 0.192435480445 0.205745129190 0.213149523169 0.204620213890 0.200665402238 0.197671413806 0.185159478103 0.209507431219 0.191348136434 0.182932263982 0.206357954684 0 0.198672274681 0.389309655309 0.429027108374 0.256541781425 0.259505677990 0.260126539210 0.247767144013 0.248914391488 0.283050084832 0.257382354218 0.259531451222 0.270818401013 0.296480528749 0.282558093602 0.293805903833 0.287944059627 0.283548460404 0.171189461880 0.141456253008 0.252177982351 0.274381655856 0.233184226953 0.385807281338 0.191838296722 0.152401230645 0.280358993358 0.255647947943 0.195030143641 0.297178213037 0.294670403690 0.313513461488 0.251376950213 0.263787199325 0.251650717868 0.254337524026 0.248177066091 0.241064960832 0.267620411742 0.259609803392
 0.238373047257 0.272112549015 0.183392146328 0.210012490006 0.207150034729 0.183255048829 0.203913238479 0.189382188705 0.210382701385 0.211282060341 0.211016383019 0.204573268319 0.195263113758 0.198555260676 0.189008746653 0.207837004510 0.187306315704 0.183456291347 0.197749193767 0.198672274681 0 0.391353076771 0.423974185320 0.252840997779 0.253458404167 0.251665234336 0.238515700198 0.244282124452 0.275107661655 0.257496709421 0.260207743115 0.265676066459 0.288832398677 0.281214361901 0.282854878811 0.277271988540 0.275501202379 0.171178092431 0.139968097045 0.243483187961 0.272306148229 0.225978517075 0.383039524625 0.191963165797 0.149385709786 0.273932796402 0.251266311428 0.195833250847 0.285865767291 0.289469253110 0.303318757983 0.264728504132 0.268728306940 0.266121133262 0.263373653465 0.260932044236 0.259363848220 0.268451359789 0.260469542286
 0.394325585038 0.433996663529 0.362610337904 0.404399527118 0.401870387114 0.381192141250 0.401097288070 0.394336727836 0.402995707154 0.394368195494 0.403825985303 0.398057653758 0.392243809928 0.398030593253 0.390980787896 0.397696935558 0.366794442094 0.361745777753 0.392331238691 0.389309655309 0.391353076771 0 0.166153742355 0.424387648628 0.424927532683 0.427404905495 0.410986626993 0.413438948491 0.434056549224 0.430345014041 0.432461812473 0.422329177502 0.445306772864 0.437420621989 0.443016750877 0.430813978489 0.435463568060 0.320591000612 0.288853650550 0.404042062357 0.437854932195 0.390595393401 0.268610398309 0.349192647697 0.303438201845 0.437965477842 0.409268529118 0.346084164000 0.443077164919 0.439783257082 0.456529844470 0.394570651906 0.413665372560 0.396304809170 0.410485803768 0.385316019037 0.393686815997 0.404293605035 0.402995991014
 0.432718180305 0.477163871660 0.399270999740 0.438318526911 0.429029492007 0.421795162526 0.434419430328 0.433492233981 0.437900383603 0.434109340466 0.438656360254 0.432895088431 0.425470474394 0.434352308951 0.422752725774 0.432016504363 0.403238547050 0.399168901505 0.428109828563 0.429027108374 0.423974185320 0.166153742355 0 0.464333723968 0.462776398635 0.470159179787 0.450844535994 0.454916531758 0.477632924288 0.470977218861 0.470876865024 0.461416751847 0.487418177699 0.479824795977 0.480618713284 0.470320501677 0.476639475139 0.355934498326 0.325169735138 0.443718572485 0.481841259531 0.430581439791 0.269448620541 0.388424744606 0.342401912663 0.479410248385 0.448668251916 0.384466004277 0.485529385764 0.480501741044 0.498398258416 0.420342290397 0.440367215313 0.426822336707 0.440497108674 0.410903961250 0.418312162781 0.435874303528 0.428798041359
 0.213489379753 0.214716801717 0.226245539471 0.264321252479 0.265870723621 0.257938722688 0.268623374443 0.257435359431 0.272742438627 0.255384602684 0.269275722238 0.257984103022 0.258392135226 0.251497309334 0.249693542660 0.254891496558 0.232790644619 0.229386462681 0.261743404689 0.256541781425 0.252840997779 0.424387648628 0.464333723968 0 0.190250452501 0.191226372818 0.185017778066 0.206706687156 0.222754990752 0.233251503363 0.236540460454 0.215674753084 0.244078383552 0.231518248707 0.237826998039 0.232445486108 0.240057341232 0.168296869759 0.140204318719 0.212120814470 0.218261262013 0.199808881293 0.413541766781 0.184898441227 0.149067881085 0.209220974709 0.204596729921 0.176938264650 0.250042285856 0.259906784081 0.267577270237 0.338544841262 0.346817699396 0.338392673465 0.337976485500 0.327186254686 0.322296244482 0.350662227309 0.339225883379
 0.218337009432 0.240454346992 0.228409849016 0.266585480811 0.264846419917 0.259097168832 0.262709096569 0.260337442545 0.271978574951 0.265392494052 0.272487415173 0.264932959840 0.264573615484 0.247524232619 0.255088912425 0.256669895785 0.228698907379 0.233164309066 0.262479238948 0.259505677990 0.253458404167 0.424927532683 0.462776398635 0.190250452501 0 0.197725477935 0.193537031389 0.216641171321 0.231698101118 0.239574951432 0.233717333948 0.226715322289 0.250818179850 0.247169616162 0.259022864783 0.238456508811 0.250813202647 0.176460429541 0.147111910760 0.215774025737 0.224976915886 0.210289615029 0.415389439312 0.186991991624 0.155079872371 0.224804403210 0.222246912444 0.182999512599 0.255315033178 0.271334684425 0.278449298684 0.339688476018 0.347205726206 0.341264037475 0.338394315756 0.327596388542 0.321861040985 0.347424885919 0.340658890011
 0.222735617324 0.238806952502 0.235290345077 0.276139426009 0.273791798445 0.256627264552 0.270154509913 0.270297836014 0.274176980855 0.266969677728 0.277221905560 0.273283806621 0.259468816516 0.257602769128 0.257060672557 0.258859754284 0.239135663986 0.236412553565 0.270754621231 0.260126539210 0.251665234336 0.427404905495 0.470159179787 0.191226372818 0.197725477935 0 0.199538130861 0.214953583696 0.234750854634 0.245295123010 0.240484329941 0.235178506095 0.254430304036 0.242973756871 0.253046962290 0.242046203172 0.248450993158 0.177965980273 0.154434520035 0.224609055304 0.221705841337 0.215094762724 0.420593098383 0.195739389434 0.156161062799 0.222699368147 0.217076895448 0.186194764815 0.260427924946 0.270252251495 0.283546647292 0.345721359668 0.354139922596 0.342753921627 0.346519750099 0.327620882732 0.329563799000 0.350459255226 0.341179185839
 0.215071815343 0.229851596919 0.218192645856 0.260205449372 0.262253571783 0.249883940563 0.258654070802 0.253991011800 0.265218634395 0.257586249096 0.261045337795 0.257603868974 0.254711437978 0.248773970348 0.242077468805 0.250632111973 0.228643399219 0.223574515249 0.255277353093 0.247767144013 0.238515700198 0.410986626993 0.450844535994 0.185017778066 0.193537031389 0.199538130861 0 0.214631641786 0.232547564148 0.237474393311 0.236331932962 0.221439224963 0.246352820575 0.239470692236 0.244932757761 0.237087289230 0.237655829468 0.166161030875 0.139352591464 0.217201005457 0.221208474340 0.205080533100 0.403573509469 0.188518199079 0.151613771947 0.216044953951 0.210490446472 0.175967160885 0.249232458127 0.264285877294 0.268901848221 0.330197391405 0.338052763134 0.330629168181 0.330059153585 0.315328961727 0.317381142675 0.339268411255 0.331443383995
 0.202157446889 0.209107833629 0.223050616601 0.261260495416 0.251875980970 0.247496390057 0.258922685464 0.252978695811 0.265773119589 0.258757204142 0.260974283679 0.259571875932 0.254088014800 0.246423721813 0.244395765631 0.251670117297 0.221944078389 0.219108071087 0.250751842082 0.248914391488 0.244282124452 0.413438948491 0.454916531758 0.206706687156 0.216641171321 0.214953583696 0.214631641786 0 0.196889847653 0.237909191481 0.244363703176 0.208087804416 0.226175820594 0.221753853759 0.225013188800 0.217091968419 0.221489853336 0.159259335074 0.133473755239 0.205888665153 0.212648204733 0.195089220167 0.402394740734 0.181522995582 0.135925247300 0.210311575685 0.202790979105 0.161844385348 0.235171138369 0.247852367773 0.264764764443 0.319767222479 0.330788748589 0.320536461142 0.322646475278 0.312433262193 0.311360977999 0.332406598376 0.323957177411
 0.196614925910 0.219029642979 0.250028171620 0.291457552238 0.290355955295 0.281070693191 0.288309332266 0.286336049753 0.297093120804 0.286496382448 0.294686542704 0.292728982227 0.285240728503 0.279948342612 0.281395211771 0.287031966506 0.255788236426 0.250332831371 0.284873781349 0.283050084832 0.275107661655 0.434056549224 0.477632924288 0.222754990752 0.231698101118 0.234750854634 0.232547564148 0.196889847653 0 0.270159776995 0.275141452904 0.214662516411 0.229143888313 0.223917216295 0.233348003466 0.213177687376 0.227152603274 0.177434625289 0.155747042875 0.220318870884 0.227413106244 0.212254007001 0.426065075051 0.209103589634 0.156801419618 0.221555706167 0.215787234582 0.182547647396 0.236967186328 0.252640664658 0.265293599189 0.355939414271 0.366122768066 0.359174851339 0.354475450677 0.343269126968 0.346551950092 0.369261101118 0.356759283960
 0.246192147770 0.276761075218 0.233278880399 0.259623980986 0.266164509560 0.254331880638 0.259821469858 0.254767019864 0.269376382212 0.256096963211 0.273393456470 0.263382578242 0.255679608616 0.254107185019 0.243476879976 0.259377486572 0.235402943914 0.232960784405 0.259876996180 0.257382354218 0.257496709421 0.430345014041 0.470977218861 0.233251503363 0.239574951432 0.245295123010 0.237474393311 0.237909191481 0.270159776995 0 0.190219523379 0.266241979164 0.293222059244 0.276535579283 0.293264964861 0.279257915809 0.282742871515 0.189749430262 0.161739473158 0.250795241708 0.252704917204 0.229035200086 0.423363158317 0.168986928443 0.169656744110 0.250773665724 0.246130415725 0.206351387312 0.293706885224 0.303923425529 0.312395150339 0.340533572364 0.347498682875 0.339266102390 0.338594768830 0.325470642279 0.329282459437 0.352213969238 0.337688736371
 0.250208087254 0.274082792827 0.232125752838 0.260427198769 0.275292351853 0.258740302029 0.269978160646 0.256145326571 0.275254035490 0.256326212484 0.272428364965 0.266345428883 0.263687947194 0.255382038434 0.250944328163 0.262353190901 0.238859343081 0.237072069616 0.266072848502 0.259531451222 0.260207743115 0.432461812473 0.470876865024 0.236540460454 0.233717333948 0.240484329941 0.236331932962 0.244363703176 0.275141452904 0.190219523379 0 0.266692300718 0.291575418776 0.280942287294 0.290142075605 0.281753508628 0.283869615353 0.194184122395 0.165299391917 0.243900123036 0.254996815876 0.226134362756 0.423470527082 0.171680214089 0.175563217999 0.249274102150 0.249062286666 0.209114199004 0.294787922440 0.302126878973 0.317667870601 0.344173561644 0.356377989431 0.345553646001 0.347707678139 0.330534572592 0.336814576810 0.357572762588 0.351717210451
 0.208869331416 0.186372812576 0.235302943731 0.285923250724 0.276307482639 0.267614714709 0.284827362275 0.275874099785 0.287083296354 0.277590169451 0.283335767612 0.281995986942 0.278804499845 0.272014417248 0.269758502246 0.274449581784 0.242894278787 0.238956536597 0.273554329633 0.270818401013 0.265676066459 0.422329177502 0.461416751847 0.215674753084 0.226715322289 0.235178506095 0.221439224963 0.208087804416 0.214662516411 0.266241979164 0.266692300718 0 0.196038805848 0.192837241514 0.205644930380 0.190166617693 0.197041505147 0.159978119722 0.138953046767 0.210640922843 0.216732202557 0.202747380699 0.409598381265 0.203438994694 0.152493929148 0.209089544744 0.198405836390 0.157959521389 0.208524416731 0.243172914192 0.248591422023 0.338323245142 0.351774565193 0.342872458401 0.343575923012 0.327279203594 0.332262770875 0.353450123432 0.342356424226
 0.225086375655 0.206920631577 0.261852219852 0.313767541049 0.299819633890 0.296624084195 0.303667257971 0.303826558793 0.307711771227 0.307085319912 0.311005518393 0.308103587169 0.296591649264 0.296653809700 0.293720157239 0.295216527272 0.266858823930 0.260140569531 0.292530954586 0.296480528749 0.288832398677 0.445306772864 0.487418177699 0.244078383552 0.250818179850 0.254430304036 0.246352820575 0.226175820594 0.229143888313 0.293222059244 0.291575418776 0.196038805848 0 0.187526635390 0.193204067214 0.187077928055 0.198445910148 0.173727456386 0.155143403644 0.230162738110 0.235932530151 0.217941422863 0.434999550910 0.223229263825 0.166667936253 0.230115953958 0.226721060963 0.168729067885 0.187274370478 0.250430756902 0.249914686882 0.364527919357 0.374841588448 0.365235141156 0.366205047147 0.351183043787 0.357362576477 0.375484163470 0.361382143416
 0.214877025705 0.204942906970 0.251769743054 0.297562098364 0.287156337090 0.286180514314 0.293946035401 0.293407528226 0.301808385715 0.293455968740 0.295009867351 0.299277722695 0.290429176449 0.287872493823 0.283840325220 0.285917866809 0.258552196182 0.246896018782 0.285996991379 0.282558093602 0.281214361901 0.437420621989 0.479824795977 0.231518248707 0.247169616162 0.242973756871 0.239470692236 0.221753853759 0.223917216295 0.276535579283 0.280942287294 0.192837241514 0.187526635390 0 0.187757877259 0.169998124146 0.183707633588 0.163540004809 0.142122922577 0.220684908890 0.226688783175 0.210281451216 0.422268954628 0.211074292792 0.159329623357 0.218951699458 0.213459261136 0.153250542054 0.187733113853 0.237161952876 0.239586422008 0.357087750969 0.362626505118 0.358648155444 0.359745850460 0.343430958857 0.344097306114 0.363617512891 0.353510642530
 0.224340543677 0.209208994722 0.260830444496 0.308617139630 0.297412080590 0.297697163507 0.303205837608 0.303664469765 0.310397079668 0.302702569341 0.307226614595 0.309497655844 0.292318553428 0.295315013726 0.292810629777 0.296298565228 0.263659041603 0.259825420533 0.295351859282 0.293805903833 0.282854878811 0.443016750877 0.480618713284 0.237826998039 0.259022864783 0.253046962290 0.244932757761 0.225013188800 0.233348003466 0.293264964861 0.290142075605 0.205644930380 0.193204067214 0.187757877259 0 0.182076531617 0.197817923279 0.173302739607 0.154916342946 0.230048570112 0.238399126455 0.216730679933 0.426930572956 0.221101677290 0.166842055321 0.223426891768 0.223680570468 0.165980671922 0.189738296131 0.240650082137 0.251248267336 0.361334472726 0.371277413092 0.369039471957 0.368766889892 0.349389218921 0.351656503050 0.375478281177 0.358441196416
 0.205817239425 0.202296963620 0.251835747577 0.301417517480 0.284859097031 0.286801313162 0.290816285404 0.295659921176 0.302443457053 0.288762297442 0.293719283873 0.295459270189 0.285743439270 0.283174971503 0.288401804274 0.291213029227 0.256702199157 0.245027139479 0.282904122672 0.287944059627 0.277271988540 0.430813978489 0.470320501677 0.232445486108 0.238456508811 0.242046203172 0.237087289230 0.217091968419 0.213177687376 0.279257915809 0.281753508628 0.190166617693 0.187077928055 0.169998124146 0.182076531617 0 0.175129645913 0.157336209265 0.143293315317 0.213098277207 0.226979162265 0.206375572084 0.416378508787 0.209888550689 0.150618773830 0.219055245179 0.211742132678 0.153267159104 0.176584455083 0.224709836517 0.238620464922 0.351564628573 0.361386220189 0.354908613564 0.352678684818 0.335953058482 0.339130770671 0.359866251212 0.347907377165
 0.213301455035 0.207911722615 0.253545748405 0.293240939174 0.291131034468 0.284750860990 0.293781124426 0.293682706213 0.302952366401 0.294472906882 0.295457289344 0.298568205529 0.282762025800 0.286969270335 0.285071800307 0.291614351879 0.255914288381 0.252649212372 0.289049267272 0.283548460404 0.275501202379 0.435463568060 0.476639475139 0.240057341232 0.250813202647 0.248450993158 0.237655829468 0.221489853336 0.227152603274 0.282742871515 0.283869615353 0.197041505147 0.198445910148 0.183707633588 0.197817923279 0.175129645913 0 0.165508492211 0.145639567781 0.223847890029 0.234988931403 0.218792114092 0.426431769395 0.214301900515 0.159819578147 0.226621501771 0.220610885699 0.156861183758 0.190802413461 0.237599332037 0.247875476580 0.355104024038 0.366959551046 0.357965294614 0.357043356322 0.342916647377 0.344410573100 0.366196380935 0.353349700392
 0.155967331649 0.169914761076 0.146860552300 0.183961319494 0.178737589472 0.168228590475 0.179561155419 0.176803811109 0.186913149458 0.179868584240 0.186206220951 0.183425377302 0.173540344154 0.172177307037 0.165645426182 0.177919063368 0.151254185883 0.146879007581 0.177520811346 0.171189461880 0.171178092431 0.320591000612 0.355934498326 0.168296869759 0.176460429541 0.177965980273 0.166161030875 0.159259335074 0.177434625289 0.189749430262 0.194184122395 0.159978119722 0.173727456386 0.163540004809 0.173302739607 0.157336209265 0.165508492211 0 0.072946575706 0.158454127313 0.179938622652 0.144671914150 0.316712689835 0.130224261192 0.083232589849 0.175712722986 0.158176119166 0.102718713515 0.169919584348 0.189573433247 0.202151482260 0.224432284052 0.236096019267 0.227825741853 0.227803576098 0.216562552877 0.216646343043 0.234425162073 0.222944858393
 0.125872539252 0.145142389692 0.115360497497 0.149908435042 0.146922247360 0.134596625629 0.148490789152 0.143790489728 0.155824157100 0.149625815385 0.152075089349 0.150182133032 0.143043295379 0.144255149811 0.137774964265 0.149853211992 0.121224398693 0.116001021424 0.143297691323 0.141456253008 0.139968097045 0.288853650550 0.325169735138 0.140204318719 0.147111910760 0.154434520035 0.139352591464 0.133473755239 0.155747042875 0.161739473158 0.165299391917 0.138953046767 0.155143403644 0.142122922577 0.154916342946 0.143293315317 0.145639567781 0.072946575706 0 0.130451301475 0.145775910454 0.120385753664 0.281307947682 0.098177852178 0.053433443796 0.147900415661 0.132904592899 0.084565377133 0.156699302885 0.169735680213 0.181865929601 0.188553608071 0.196910059933 0.189220308489 0.192428989218 0.181951633936 0.180077742557 0.199742390748 0.192235189477
 0.207510833582 0.210797294440 0.215545289005 0.255308353242 0.255335815591 0.242416860377 0.253661871255 0.253681239843 0.263245013236 0.247950854809 0.254021357101 0.258042225217 0.250507252779 0.246211096345 0.245568345269 0.252297771098 0.221695844135 0.217224212060 0.250788760202 0.252177982351 0.243483187961 0.404042062357 0.443718572485 0.212120814470 0.215774025737 0.224609055304 0.217201005457 0.205888665153 0.220318870884 0.250795241708 0.243900123036 0.210640922843 0.230162738110 0.220684908890 0.230048570112 0.213098277207 0.223847890029 0.158454127313 0.130451301475 0 0.188669760336 0.178311228533 0.396739741890 0.183527691183 0.139372854346 0.183866002095 0.180011545951 0.159703289746 0.238014663768 0.247111875202 0.263713139680 0.310643149436 0.321889494744 0.316749876012 0.313494514338 0.298526548194 0.301130234501 0.319875694888 0.313236868064
 0.212217030740 0.216526702045 0.242988760558 0.285262730561 0.275956004282 0.276573758512 0.287675877043 0.282040728341 0.293747761998 0.277802616656 0.285553782664 0.286373666621 0.279294074409 0.274279063821 0.272740302871 0.279297408050 0.248877001220 0.245465579782 0.282890230325 0.274381655856 0.272306148229 0.437854932195 0.481841259531 0.218261262013 0.224976915886 0.221705841337 0.221208474340 0.212648204733 0.227413106244 0.252704917204 0.254996815876 0.216732202557 0.235932530151 0.226688783175 0.238399126455 0.226979162265 0.234988931403 0.179938622652 0.145775910454 0.188669760336 0 0.181860890341 0.428738099453 0.201907995078 0.156957006382 0.174562179145 0.185270096470 0.179591231839 0.242537705740 0.266650884923 0.275491916450 0.355463588868 0.367189386091 0.352280049889 0.355783092553 0.342489079581 0.344549817064 0.367595419577 0.356519290004
 0.194025469479 0.198201073109 0.200219192359 0.244698202775 0.231618810353 0.227416201191 0.242911045059 0.235087529620 0.244892407980 0.239607064116 0.247951512461 0.242113326569 0.231587661303 0.234880960908 0.230388333283 0.239300843897 0.203665517659 0.198934604885 0.231739684755 0.233184226953 0.225978517075 0.390595393401 0.430581439791 0.199808881293 0.210289615029 0.215094762724 0.205080533100 0.195089220167 0.212254007001 0.229035200086 0.226134362756 0.202747380699 0.217941422863 0.210281451216 0.216730679933 0.206375572084 0.218792114092 0.144671914150 0.120385753664 0.178311228533 0.181860890341 0 0.382380918583 0.171365639750 0.125200085668 0.174333174619 0.175965170803 0.153084251169 0.222707041071 0.236633902660 0.252299935185 0.297711392689 0.310346007676 0.301991624441 0.303446808275 0.290047830823 0.290157008113 0.314373280642 0.301766645245
 0.383649519742 0.425770159713 0.356939584311 0.399234076217 0.395657081563 0.376292243049 0.394669430720 0.389488330271 0.395577517764 0.392428217420 0.394203878370 0.392039452097 0.382275454994 0.393420512828 0.381505545546 0.394458195736 0.363005801741 0.352637022067 0.385554869686 0.385807281338 0.383039524625 0.268610398309 0.269448620541 0.413541766781 0.415389439312 0.420593098383 0.403573509469 0.402394740734 0.426065075051 0.423363158317 0.423470527082 0.409598381265 0.434999550910 0.422268954628 0.426930572956 0.416378508787 0.426431769395 0.316712689835 0.281307947682 0.396739741890 0.428738099453 0.382380918583 0 0.344723404006 0.298481423724 0.426296597153 0.402060492611 0.338761338894 0.431758245712 0.433085443047 0.445262787333 0.389523785640 0.407585322081 0.391905446376 0.407313299651 0.380287451633 0.393288395460 0.407116424399 0.406583863257
 0.181685775542 0.206622838074 0.167797882851 0.194984070922 0.196540024786 0.186233009020 0.199120946696 0.191405715681 0.199503091364 0.192391525718 0.203572943940 0.196359686874 0.193403151389 0.193959890096 0.193634538933 0.198712624093 0.171892806270 0.168176284419 0.193167455674 0.191838296722 0.191963165797 0.349192647697 0.388424744606 0.184898441227 0.186991991624 0.195739389434 0.188518199079 0.181522995582 0.209103589634 0.168986928443 0.171680214089 0.203438994694 0.223229263825 0.211074292792 0.221101677290 0.209888550689 0.214301900515 0.130224261192 0.098177852178 0.183527691183 0.201907995078 0.171365639750 0.344723404006 0 0.108468118101 0.194922984413 0.188667980708 0.139783242941 0.223086694590 0.232583840193 0.248986483649 0.254274851974 0.264433339403 0.257289973074 0.258118340670 0.246463389045 0.247221714296 0.262508546972 0.257570648789
 0.134659857457 0.157359613370 0.128161189818 0.164528704822 0.157595604357 0.147037060293 0.161325745080 0.154017533624 0.164041242696 0.160763569574 0.165079743202 0.160173969885 0.152914492211 0.150709706585 0.148845840049 0.157668565170 0.132349732652 0.125109918975 0.158425839155 0.152401230645 0.149385709786 0.303438201845 0.342401912663 0.149067881085 0.155079872371 0.156161062799 0.151613771947 0.135925247300 0.156801419618 0.169656744110 0.175563217999 0.152493929148 0.166667936253 0.159329623357 0.166842055321 0.150618773830 0.159819578147 0.083232589849 0.053433443796 0.139372854346 0.156957006382 0.125200085668 0.298481423724 0.108468118101 0 0.151859231193 0.140050683704 0.094852261669 0.162761662016 0.177721869221 0.189013112385 0.205488704289 0.212464868900 0.206196826015 0.209364178972 0.196087123123 0.197289730909 0.216497279181 0.206063738890
