     nan 0.218987 0.244659 0.249246 0.240034 0.413522 0.215913 0.218904 0.199386 0.248200 0.208869 0.221435 0.188889 0.192155 0.194025 0.383650 0.181686 0.231792 0.307973
0.218987      nan 0.283456 0.287120 0.275207 0.455580 0.227586 0.234329 0.214069 0.275422 0.186373 0.207024 0.194076 0.196652 0.198201 0.425770 0.206623 0.238054 0.353224
0.244659 0.283456 0.187233 0.196530 0.195770 0.410422 0.257877 0.258956 0.267021 0.258246 0.272098 0.293307 0.237040 0.239496 0.231303 0.387379 0.190046 0.296044 0.259321
0.249246 0.287120 0.196530 0.202160 0.199995 0.413683 0.263864 0.262268 0.272089 0.262640 0.278342 0.299817 0.241359 0.243387 0.239471 0.389398 0.195330 0.301215 0.260915
0.240034 0.275207 0.195770 0.199995 0.194340 0.405477 0.251593 0.250597 0.260832 0.253980 0.266892 0.285981 0.231235 0.234295 0.227177 0.381374 0.189311 0.287929 0.258798
0.413522 0.455580 0.410422 0.413683 0.405477 0.166154 0.444106 0.439849 0.445011 0.451165 0.441873 0.462268 0.403372 0.416334 0.410588 0.269030 0.368809 0.462223 0.413952
0.215913 0.227586 0.257877 0.263864 0.251593 0.444106 0.190250 0.191877 0.219450 0.235771 0.221195 0.245072 0.209047 0.201163 0.205049 0.414466 0.185945 0.259150 0.337825
0.218904 0.234329 0.258956 0.262268 0.250597 0.439849 0.191877 0.199538 0.224221 0.239896 0.228309 0.246868 0.210381 0.203905 0.210088 0.412083 0.192129 0.261050 0.335645
0.199386 0.214069 0.267021 0.272089 0.260832 0.445011 0.219450 0.224221 0.196890 0.256894 0.211375 0.226559 0.199847 0.198858 0.203672 0.414230 0.195313 0.243158 0.339091
0.248200 0.275422 0.258246 0.262640 0.253980 0.451165 0.235771 0.239896 0.256894 0.190220 0.266467 0.287614 0.241380 0.230958 0.227585 0.423417 0.170334 0.298636 0.342563
0.208869 0.186373 0.272098 0.278342 0.266892 0.441873 0.221195 0.228309 0.211375 0.266467      nan 0.198174 0.184442 0.197239 0.202747 0.409598 0.203439 0.225849 0.341487
0.221435 0.207024 0.293307 0.299817 0.285981 0.462268 0.245072 0.246868 0.226559 0.287614 0.198174 0.189496 0.189259 0.212271 0.214985 0.428066 0.218468 0.215498 0.361015
0.188889 0.194076 0.237040 0.241359 0.231235 0.403372 0.209047 0.210381 0.199847 0.241380 0.184442 0.189259 0.170624 0.178668 0.181654 0.375274 0.175719 0.200101 0.296603
0.192155 0.196652 0.239496 0.243387 0.234295 0.416334 0.201163 0.203905 0.198858 0.230958 0.197239 0.212271 0.178668 0.165881 0.164926 0.387564 0.172207 0.228226 0.307208
0.194025 0.198201 0.231303 0.239471 0.227177 0.410588 0.205049 0.210088 0.203672 0.227585 0.202747 0.214985 0.181654 0.164926      nan 0.382381 0.171366 0.229670 0.301230
0.383650 0.425770 0.387379 0.389398 0.381374 0.269030 0.414466 0.412083 0.414230 0.423417 0.409598 0.428066 0.375274 0.387564 0.382381      nan 0.344723 0.432422 0.397950
0.181686 0.206623 0.190046 0.195330 0.189311 0.368809 0.185945 0.192129 0.195313 0.170334 0.203439 0.218468 0.175719 0.172207 0.171366 0.344723      nan 0.227835 0.255985
0.231792 0.238054 0.296044 0.301215 0.287929 0.462223 0.259150 0.261050 0.243158 0.298636 0.225849 0.215498 0.200101 0.228226 0.229670 0.432422 0.227835 0.243044 0.359359
0.307973 0.353224 0.259321 0.260915 0.258798 0.413952 0.337825 0.335645 0.339091 0.342563 0.341487 0.361015 0.296603 0.307208 0.301230 0.397950 0.255985 0.359359 0.199093
