0.192302 0.221252 0.256337 0.257305 0.257134 0.441687 0.220835 0.214430 0.210907 0.245674 0.211096 0.217299 0.200626 0.195473 0.194138 0.419266 0.210820 0.229562 0.316133
0.221252 0.188730 0.267551 0.268526 0.268365 0.452108 0.236498 0.229872 0.228769 0.256064 0.211021 0.210407 0.193189 0.203599 0.205273 0.429718 0.220988 0.221899 0.327197
0.256337 0.267551 0.194847 0.196828 0.197202 0.406409 0.256901 0.251914 0.257290 0.252420 0.259647 0.264359 0.247548 0.240423 0.237556 0.383138 0.214031 0.276355 0.261445
0.257305 0.268526 0.196828 0.195395 0.197501 0.407482 0.257844 0.252869 0.258250 0.253446 0.260620 0.265333 0.248523 0.241395 0.238528 0.384211 0.215062 0.277329 0.262507
0.257134 0.268365 0.197202 0.197501 0.194731 0.407763 0.257642 0.252678 0.258069 0.253357 0.260456 0.265171 0.248361 0.241231 0.238363 0.384500 0.214984 0.277168 0.263031
0.441687 0.452108 0.406409 0.407482 0.407763 0.169578 0.443566 0.438200 0.443153 0.435129 0.444455 0.448945 0.432112 0.425419 0.422714 0.269137 0.396077 0.460895 0.423533
0.220835 0.236498 0.256901 0.257844 0.257642 0.443566 0.195519 0.207897 0.215330 0.249326 0.227422 0.232955 0.216233 0.208520 0.205487 0.421097 0.214387 0.245127 0.316985
0.214430 0.229872 0.251914 0.252869 0.252678 0.438200 0.207897 0.195693 0.211224 0.243325 0.220798 0.226330 0.209609 0.201811 0.198696 0.415745 0.208442 0.238505 0.311906
0.210907 0.228769 0.257290 0.258250 0.258069 0.443153 0.215330 0.211224 0.196173 0.247668 0.219323 0.225079 0.208378 0.201771 0.199246 0.420713 0.212804 0.237292 0.317193
0.245674 0.256064 0.252420 0.253446 0.253357 0.435129 0.249326 0.243325 0.247668 0.194179 0.248401 0.252976 0.236151 0.228994 0.226146 0.412796 0.192000 0.264944 0.311539
0.211096 0.211021 0.259647 0.260620 0.260456 0.444455 0.227422 0.220798 0.219323 0.248401 0.195467 0.205266 0.188727 0.195415 0.196654 0.422055 0.213409 0.217752 0.319341
0.217299 0.210407 0.264359 0.265333 0.265171 0.448945 0.232955 0.226330 0.225079 0.252976 0.205266 0.201833 0.185931 0.200419 0.201941 0.426554 0.217914 0.215137 0.324013
0.200626 0.193189 0.247548 0.248523 0.248361 0.432112 0.216233 0.209609 0.208378 0.236151 0.188727 0.185931 0.167304 0.183701 0.185220 0.409722 0.201079 0.196950 0.307198
0.195473 0.203599 0.240423 0.241395 0.241231 0.425419 0.208520 0.201811 0.201771 0.228994 0.195415 0.200419 0.183701 0.166509 0.174339 0.403010 0.194157 0.212614 0.300146
0.194138 0.205273 0.237556 0.238528 0.238363 0.422714 0.205487 0.198696 0.199246 0.226146 0.196654 0.201941 0.185220 0.174339 0.166161 0.400299 0.191408 0.214125 0.297307
0.419266 0.429718 0.383138 0.384211 0.384500 0.269137 0.421097 0.415745 0.420713 0.412796 0.422055 0.426554 0.409722 0.403010 0.400299 0.187411 0.373766 0.438507 0.398930
0.210820 0.220988 0.214031 0.215062 0.214984 0.396077 0.214387 0.208442 0.212804 0.192000 0.213409 0.217914 0.201079 0.194157 0.191408 0.373766 0.146391 0.229862 0.273004
0.229562 0.221899 0.276355 0.277329 0.277168 0.460895 0.245127 0.238505 0.237292 0.264944 0.217752 0.215137 0.196950 0.212614 0.214125 0.438507 0.229862 0.220993 0.336001
0.316133 0.327197 0.261445 0.262507 0.263031 0.423533 0.316985 0.311906 0.317193 0.311539 0.319341 0.324013 0.307198 0.300146 0.297307 0.398930 0.273004 0.336001 0.198522
