0.196501 0.220731 0.258646 0.259559 0.259092 0.440272 0.222091 0.216677 0.213069 0.248560 0.215383 0.218564 0.203507 0.197055 0.195857 0.417462 0.211816 0.231613 0.317515
0.220731 0.170644 0.265100 0.266022 0.265568 0.445918 0.232990 0.227272 0.225704 0.253824 0.209747 0.207299 0.191713 0.199809 0.201629 0.423141 0.216925 0.219594 0.323807
0.258646 0.265100 0.194801 0.197180 0.197692 0.404598 0.255816 0.252089 0.255978 0.254143 0.262136 0.264130 0.248930 0.241289 0.238787 0.380886 0.214952 0.276888 0.260970
0.259559 0.266022 0.197180 0.195372 0.197922 0.405760 0.256704 0.252990 0.256880 0.255123 0.263055 0.265051 0.249850 0.242208 0.239705 0.382052 0.215938 0.277809 0.262225
0.259092 0.265568 0.197692 0.197922 0.195225 0.406032 0.256207 0.252506 0.256401 0.254751 0.262596 0.264594 0.249395 0.241749 0.239244 0.382338 0.215574 0.277353 0.262921
0.440272 0.445918 0.404598 0.405760 0.406032 0.166345 0.438798 0.434598 0.438184 0.432040 0.443203 0.445047 0.429822 0.422518 0.420126 0.269385 0.392177 0.457750 0.421205
0.222091 0.232990 0.255816 0.256704 0.256207 0.438798 0.195548 0.209699 0.212606 0.248895 0.228879 0.231464 0.216349 0.208178 0.205631 0.415939 0.212025 0.244404 0.314975
0.216677 0.227272 0.252089 0.252990 0.252506 0.434598 0.209699 0.195378 0.210000 0.243969 0.223174 0.225756 0.210643 0.202357 0.199721 0.411754 0.207167 0.238699 0.311141
0.213069 0.225704 0.255978 0.256880 0.256401 0.438184 0.212606 0.210000 0.196804 0.247163 0.221258 0.224002 0.208908 0.200884 0.198554 0.415354 0.210369 0.236984 0.314968
0.248560 0.253824 0.254143 0.255123 0.254751 0.432040 0.248895 0.243969 0.247163 0.196539 0.251224 0.253048 0.237824 0.230304 0.227870 0.409346 0.190564 0.265757 0.312126
0.215383 0.209747 0.262136 0.263055 0.262596 0.443203 0.228879 0.223174 0.221258 0.251224 0.197462 0.204523 0.189651 0.196685 0.198129 0.420415 0.214381 0.217880 0.320893
0.218564 0.207299 0.264130 0.265051 0.264594 0.445047 0.231464 0.225756 0.224002 0.253048 0.204523 0.198878 0.184575 0.198772 0.200459 0.422265 0.216168 0.212960 0.322858
0.203507 0.191713 0.248930 0.249850 0.249395 0.429822 0.216349 0.210643 0.208908 0.237824 0.189651 0.184575 0.167267 0.183665 0.185348 0.407040 0.200936 0.196086 0.307653
0.197055 0.199809 0.241289 0.242208 0.241749 0.422518 0.208178 0.202357 0.200884 0.230304 0.196685 0.198772 0.183665 0.166447 0.174113 0.399722 0.193610 0.211748 0.300076
0.195857 0.201629 0.238787 0.239705 0.239244 0.420126 0.205631 0.199721 0.198554 0.227870 0.198129 0.200459 0.185348 0.174113 0.166762 0.397326 0.191232 0.213420 0.297594
0.417462 0.423141 0.380886 0.382052 0.382338 0.269385 0.415939 0.411754 0.415354 0.409346 0.420415 0.422265 0.407040 0.399722 0.397326 0.188806 0.369507 0.434970 0.396133
0.211816 0.216925 0.214952 0.215938 0.215574 0.392177 0.212025 0.207167 0.210369 0.190564 0.214381 0.216168 0.200936 0.193610 0.191232 0.369507 0.145375 0.228859 0.272798
0.231613 0.219594 0.276888 0.277809 0.277353 0.457750 0.244404 0.238699 0.236984 0.265757 0.217880 0.212960 0.196086 0.211748 0.213420 0.434970 0.228859 0.218850 0.335605
0.317515 0.323807 0.260970 0.262225 0.262921 0.421205 0.314975 0.311141 0.314968 0.312126 0.320893 0.322858 0.307653 0.300076 0.297594 0.396133 0.272798 0.335605 0.198320
